31.3
31.3
31.3
31.3
31.3
31.3
26.8
26.8
26.8
26.8
26.8
26.8
35.7
35.7
35.7
35.7
35.7
35.7
38.4
38.4
38.4
38.4
38.4
38.4
21.1
21.1
21.1
21.1
21.1
21.1
30.8
30.8
30.8
30.8
30.8
30.8
31.5
31.5
31.5
31.5
31.5
31.5
31.5
31.5
31.5
31.5
31.5
31.5
34.7
34.7
34.7
34.7
34.7
34.7
36
36
36
36
36
36
36
31.8
31.8
31.8
31.8
31.8
31.8
30.2
30.2
30.2
30.2
30.2
30.2
28.3
28.3
28.3
28.3
28.3
28.3
28.3
25
25
25
25
25
25
30.1
30.1
30.1
30.1
30.1
30.1
37.4
37.4
37.4
37.4
37.4
37.4
24.1
24.1
24.1
24.1
24.1
24.1
30.8
0
30.8
30.8
30.8
30.8
31.9
31.9
31.9
31.9
31.9
31.9
31.9
33.6
33.6
33.6
33.6
33.6
33.6
